1 0.056338028169 0.119528619529 0.0267605633803 0.0639730639731
1 0.192605633803 0.0900673400673 0.0471830985915 0.112794612795
1 0.359507042254 0.0867003367003 0.0204225352113 0.0387205387205
1 0.497887323944 0.0698653198653 0.0267605633803 0.0589225589226
1 0.652112676056 0.0959595959596 0.0633802816901 0.154882154882
1 0.802112676056 0.137205387205 0.0323943661972 0.0723905723906
1 0.971126760563 0.139730639731 0.0239436619718 0.0505050505051
1 0.0408450704225 0.290404040404 0.0464788732394 0.116161616162
1 0.192605633803 0.329124579125 0.0246478873239 0.0589225589226
1 0.361267605634 0.315656565657 0.0253521126761 0.0555555555556
1 0.492605633803 0.313973063973 0.0161971830986 0.0387205387205
1 0.511267605634 0.308922558923 0.0183098591549 0.0319865319865
1 0.633450704225 0.284511784512 0.0147887323944 0.037037037037
1 0.937323943662 0.324074074074 0.0197183098592 0.0454545454545
1 0.0411971830986 0.510942760943 0.037323943662 0.0858585858586
1 0.177112676056 0.524410774411 0.0218309859155 0.0589225589226
1 0.345774647887 0.484848484848 0.030985915493 0.0740740740741
1 0.498591549296 0.512626262626 0.0239436619718 0.0589225589226
1 0.649295774648 0.463804713805 0.0211267605634 0.0488215488215
1 0.800704225352 0.484848484848 0.0323943661972 0.0808080808081
1 0.942605633803 0.520202020202 0.0302816901408 0.0707070707071
1 0.969014084507 0.516835016835 0.0225352112676 0.0639730639731
1 0.0524647887324 0.718855218855 0.0119718309859 0.026936026936
1 0.192957746479 0.686026936027 0.0183098591549 0.0353535353535
1 0.345422535211 0.683501683502 0.0330985915493 0.0774410774411
1 0.497535211268 0.643939393939 0.0147887323944 0.0319865319865
1 0.648943661972 0.69696969697 0.0246478873239 0.0572390572391
1 0.79823943662 0.674242424242 0.0176056338028 0.0488215488215
1 0.954577464789 0.692760942761 0.0330985915493 0.0791245791246
1 0.96161971831 0.906565656566 0.0105633802817 0.0286195286195
1 0.803169014085 0.909090909091 0.0302816901408 0.0774410774411
1 0.651056338028 0.881313131313 0.0570422535211 0.136363636364
1 0.498943661972 0.90404040404 0.0457746478873 0.10101010101
1 0.324295774648 0.936026936027 0.0176056338028 0.047138047138
1 0.191901408451 0.903198653199 0.05 0.106060606061
1 0.0411971830986 0.881313131313 0.0485915492958 0.126262626263
