36
61 52 99 90
240 20 307 87
496 40 525 63
688 24 726 59
881 11 971 103
1116 60 1162 103
1362 68 1396 98
25 138 91 207
256 178 291 213
495 171 531 204
688 175 711 198
713 174 739 193
889 158 910 180
1317 179 1345 206
32 278 85 329
236 294 267 329
469 266 513 310
691 287 725 322
907 261 937 290
1114 264 1160 312
1317 288 1360 330
1360 288 1392 326
66 419 83 435
261 397 287 418
467 383 514 429
696 373 717 392
904 397 939 431
1121 386 1146 415
1332 388 1379 435
1358 530 1373 547
1119 517 1162 563
884 483 965 564
676 507 741 567
448 542 473 570
237 505 308 568
24 486 93 561
